64 42 18 48 12 79 23 37 17 73 78 48 0 12 10 5 23 1 1 29 
32 66 38 8 72 81 65 7 55 57 70 28 20 20 0 59 55 65 59 23 
44 30 22 64 16 3 59 57 35 27 64 26 60 26 76 25 51 45 19 33 
34 54 30 82 62 11 77 9 49 63 2 12 80 14 72 31 69 59 19 77 
4 82 54 18 48 69 47 45 51 69 68 64 30 16 58 25 27 47 23 75 
58 12 66 50 66 55 1 79 53 13 66 28 74 76 30 69 63 75 9 7 
38 64 40 66 52 61 5 65 35 19 64 6 6 4 42 71 33 65 81 3 
78 54 62 36 30 7 59 37 5 79 26 62 6 78 26 19 49 77 21 61 
2 36 14 58 54 73 63 35 17 65 68 20 24 22 20 31 47 23 75 3 
56 4 48 32 26 63 63 37 5 21 12 30 28 16 4 37 57 61 11 47 
